Eigvals	29
0.5488571790114102	0.1389178723315878	0.056561924931224535	0.036776810665248794	0.03286551534908875	0.01841894907535354	0.01370517443013581	0.0118111398901176	0.009223762845435121	0.007488070831154956	0.007133299950434611	0.006190995556300497	0.005009826914707424	0.004376585031727481	0.0037051966789005677	0.003323786050632576	0.0028018264572929183	0.0019657205036960473	0.001559833392298305	0.0013710966572620291	0.0006282098139224011	0.00023533058435326777	0.0	0.0	0.0	0.0	0.0	0.0	0.0

Proportion explained	29
0.6012052590249547	0.1521673736120915	0.06195660370239951	0.04028445436741379	0.03600011337016101	0.020175684081896954	0.015012326081063598	0.012937645144421998	0.010103493117577118	0.008202256863525756	0.00781364917578054	0.006781471080968782	0.00548764670137302	0.004794008420157259	0.004058585392085231	0.00364079715075121	0.0030690548751385496	0.002153204057062499	0.00170860485115925	0.0015018670657860362	0.0006881262709936861	0.00025777559323799797	0.0	0.0	0.0	0.0	0.0	0.0	0.0

Species	0	0

Site	29	29
L1	-0.09673344117576842	-0.01860316620412059	0.025197796482173615	0.008538121381165666	-0.028042577437424387	0.014738646357228264	0.0039349482749960404	0.01534794380144021	-0.030472680040747845	-0.014066661021415473	0.012784961937415063	0.01895537398796413	-0.006568431534725799	-0.0018751532915085459	0.002800465402458636	-0.006653154988549337	0.003483143921069468	-0.003721359588411643	0.0034821975276040935	-0.010193170824770488	0.011654861147012956	-0.004658153888857511	0.0	0.0	0.0	0.0	0.0	0.0	0.0
L2	-0.09819288020130416	0.0015691560882850357	0.04715851291379891	0.024915634891353816	-0.02092171375054842	-0.005312771663233076	0.01571799017973491	0.007851357809878308	0.0008814068242221368	0.01952826907733962	0.015438586407179305	0.0032694490553414916	-0.027951426134995714	0.004089080323549508	-9.430423115931578e-05	-0.008078120224603486	0.019676952624159715	0.01670261626941359	-0.0005279362712902277	0.006176104730431299	-0.004840559395301872	-0.0007298368374945008	0.0	0.0	0.0	0.0	0.0	0.0	0.0
L3	-0.10748457687035384	-0.02942283600926829	0.07410259904988734	0.001450461051759829	-0.02393985244781845	0.01542787270400224	0.004278354582146408	0.005531417911259524	0.03489885951275296	-0.021907340974303954	-0.004779390733447232	-0.02715841992513291	0.008635030527954593	0.017414310433451805	0.006087639019588622	-0.008702148743910216	-0.01425398952015409	0.015128503928653787	0.008249583955508984	0.003191023565006131	0.0007347104844460954	-9.901740710401596e-05	0.0	0.0	0.0	0.0	0.0	0.0	0.0
L4	-0.127950015532811	-0.07259356646270836	0.02080619521293028	-0.011819784918740594	-0.08238735627759702	0.02033245179561735	-0.02027845853863402	-0.010517507790236406	0.015298034823152621	0.023069753027356102	-0.009468792591478738	0.004571989971843477	0.02681123845939251	-0.00816833077651836	-0.00296888302335551	1.4331424616740942e-05	0.008897407838950112	-0.009076159484023617	-0.005839104711377629	0.0055390787741186566	-0.0017649164628220238	-0.005056447632223293	0.0	0.0	0.0	0.0	0.0	0.0	0.0
L5	-0.09735225677922593	-0.019052800894006516	0.02407412967578831	0.005263361597612869	-0.04276858540188441	-0.01244925419579537	0.011931082235624717	0.008461075674102977	-0.010775248168164733	-0.01101475093558407	-0.006829238822795563	-0.005347319499611764	-0.006410398508560071	-0.019695376735856147	0.01372782412707316	0.013838027709635997	0.013005539740066695	-0.004529032966330579	0.012739953568992055	-0.010918882075650525	-0.0016599296808917647	0.005711399096603072	0.0	0.0	0.0	0.0	0.0	0.0	0.0
L6	-0.13329381789975417	-0.036749169126593755	-0.014171564770921914	-0.013891010530478271	-0.04253317625814604	-0.022280298536595737	-0.003191943072689996	-0.006719477589025506	-0.012472492032760732	0.023350789712188236	-0.017963860676609524	0.016148925721054096	0.012699043997371614	-0.0006811112470354272	0.0009045452777755619	-0.010066722091112973	-0.0046620286226290615	0.012061667409765421	-0.006102718124072412	-0.002512462673680161	0.0046142433210779234	0.006468223532853678	0.0	0.0	0.0	0.0	0.0	0.0	0.0
L7	-0.10933620001095949	-0.003909327491743641	0.017929798492553446	0.01546861102430545	-0.01719929889824422	-0.01608417088597493	0.0035121824954921763	0.012660371112770713	0.0031579993338249407	0.00014611502926964754	0.023657755293593874	-0.01252295444889569	0.005718838421020342	0.013634184827794287	-0.004116344164616894	0.0009316561793396138	-0.010707267848813666	-0.021636376465967198	-0.0030726616307425714	0.010308344993603934	0.004428247265379613	0.003400142630176039	0.0	0.0	0.0	0.0	0.0	0.0	0.0
L8	-0.11666644777062493	-0.04314686997390567	0.018523129014720294	-0.012044542221357278	-0.02581290988943112	0.00014036557573618354	-0.0037857969194639565	-0.010333237472312134	-0.019603289471157297	-0.0059151439411008816	0.004676904822638484	0.011422544344552074	-0.02064234748455282	0.004828315467985267	-0.015224044347105585	0.018622998136523364	-0.021452756960661637	0.0006240622841110014	-0.007642364395328848	-0.0015124054537702931	-0.012825247843723587	0.0007679164458814449	0.0	0.0	0.0	0.0	0.0	0.0	0.0
LR1	-0.07191806929064078	0.0183062225202386	0.07236105841297347	0.008782244881621817	0.04837965672924839	0.041618402755620974	0.0052136565456439585	-0.015125144364831082	0.005769059611313904	-0.012082604822546217	0.012292210138587702	0.002328399008984871	-0.003615563433736011	-0.017114561914250807	-0.00572698130369761	-0.010883364349843177	0.004586306610697921	-0.01507140966035764	-0.00821171198835724	0.0009559441160767354	-0.0010791850842515108	0.003247907114336608	0.0	0.0	0.0	0.0	0.0	0.0	0.0
LR2	-0.14336267182646853	-0.0304426250196453	-0.048557990786865436	-0.029603610143440973	0.007236572616561223	-0.025591652494108687	-0.009664703812492542	-0.0077653332620713144	-0.02295630601382795	-0.027240941675507776	0.005419162787142031	-0.0018356408724100972	-0.015192274541745215	-0.009937464702506905	-0.006238899330459097	-0.012458905380179073	-0.00987291126731209	0.0033333936587490757	0.005537107933133178	0.010893417230747769	0.004553178014464583	-0.0030526695098742848	0.0	0.0	0.0	0.0	0.0	0.0	0.0
LR3	-0.13108767128747892	-0.02797392978848714	-0.022176001073144234	-0.021565077097181137	0.0485721774400706	-0.01658285029307588	-0.012509720704756554	0.00774584606552244	-0.0028104223909724826	-0.02088147588890014	0.015792821457443002	0.004218014742784899	0.025925644038101273	0.009301781216476596	0.016000207744147545	-0.01786587452157362	0.007925140058732263	-0.00029480435282094354	0.0015217065449614198	-0.008837674717118733	-0.01102589683471559	0.00022732282293137044	0.0	0.0	0.0	0.0	0.0	0.0	0.0
LR4	-0.12094538735697004	-0.025138709851811294	-0.011189318061819251	-0.0029700058278699414	0.05529722978229867	0.0074356128234232335	-4.424173346654596e-05	-0.020162682483864474	-0.009204403503377792	0.025659829139846227	-0.009802041177286582	0.015258422583756471	-0.0030455018254513236	0.03751315239742474	-0.008461109240492601	0.004440316661294261	0.009629664486668925	-0.006967012475304121	0.014793879994916263	0.000910703134344638	0.0007381254729130889	-0.0009615270794828667	0.0	0.0	0.0	0.0	0.0	0.0	0.0
LR5	-0.08975649267200726	0.03411826427395327	0.057824652965249294	0.016552560878604305	0.04756939592338403	-0.026991569824228425	0.006398165047496244	0.002788027332660008	0.0037890321087121564	-0.007526358532899686	-0.0020007408313978668	-0.0037321153570367043	0.015087871708526964	-0.014762136580555306	-0.01603332091865643	0.017470401679069485	0.005338405052347612	0.011463532379412007	-0.0045994198784779445	-0.000413249704149318	0.001768811196144161	-0.005057363056259889	0.0	0.0	0.0	0.0	0.0	0.0	0.0
LR6	-0.13560377414159788	-0.028465869640316943	-0.009254422884085834	-0.00948729620595542	0.045346259359339766	-0.011123392953408104	-0.0017251716222056212	0.002090917539699207	0.012491467888033089	0.019100395862162632	-0.022421294679507334	-0.01995780854169158	-0.010668877870853728	-0.014371257237307387	0.016434877022507195	0.013612104438480332	-0.005057582346807235	-0.008775325546488914	0.0031877146485617056	-0.003755628372419637	-0.00124846001058277	-0.0037297521001342024	0.0	0.0	0.0	0.0	0.0	0.0	0.0
LR7	-0.11769900102057416	-0.020774045891973167	-0.003436429108539763	-0.0019829938409303247	0.07391504660597575	0.02565974256682369	0.0017528854135700001	0.00496041720838054	0.007494422050556381	0.01049438508804192	-0.013704178541113924	0.006067560091525575	0.00017570645848309353	-0.002923071024115651	0.004665567940141305	0.00509344213254024	-0.007460257877011653	0.009078636270077147	-0.009932635092985604	4.522243653877081e-05	0.007722546184218116	0.00429867609169883	0.0	0.0	0.0	0.0	0.0	0.0	0.0
W1	0.04992110045257876	-0.12284853363898544	-0.11758333188491912	-0.04334491555230766	-0.01236181867420955	0.029740639674949065	0.0025869457499814483	-0.022448610683079094	0.010076762259375597	-0.01971015655748621	-0.01609508498550957	-0.0165504724900607	-0.010193168063612928	-0.0013246991612699626	-0.004837299426715613	-0.0016645496390007637	0.008735312162904693	0.0005774354424627419	-0.004182135734659674	-0.0004597149512921474	0.0002954345067979306	-8.016990746608609e-05	0.0	0.0	0.0	0.0	0.0	0.0	0.0
W2	0.2373613358504563	-0.011983923557934805	0.0371270672652306	-0.03543473736289104	0.004413582844118531	0.001697241388503045	-0.08283932538035442	-0.017766309307372996	0.02191273164273464	0.00588039080813761	0.02513464892703709	0.004856538057414906	-0.011638189920908384	-0.0036034901004895095	-0.0003326164804204002	0.005422140294083935	0.001578680898473279	0.004048702641651657	0.005361489975465445	-0.004387024706460823	0.003236919057497837	0.0014112518573490202	0.0	0.0	0.0	0.0	0.0	0.0	0.0
W3	0.22413316662865504	-0.0915987012190472	-0.009033074217507825	0.027586484536537892	0.002173756564902683	-0.01461956758682101	0.053952125328939664	-0.03133376110430599	0.032571791304572904	-0.014849412022177023	0.011610980843611446	0.025701861948508188	0.004506225563258086	-0.002890621687956194	-0.004673619925303785	0.0057536363492667756	0.005831897970396122	0.00014534027726852166	0.002290230781695966	0.002687066339032176	0.001156199216057488	0.0007674078299642528	0.0	0.0	0.0	0.0	0.0	0.0	0.0
W4	0.1477203020349605	-0.08207057085719309	-0.03683338836029827	0.14645486051401055	-0.0011032710511464764	0.012077702724751727	-0.02837011706349648	0.020055134721795174	-0.006889612725478616	-0.007151555852788326	-0.011025444707518709	0.006108531794141798	0.002300455520315247	0.0027718895375922347	0.008290888715671137	0.004122989087141805	-0.008387407627153497	0.00028213515564391386	0.0021580553120739807	0.0013722355158306322	-0.0013949012527839273	-0.000584795978333274	0.0	0.0	0.0	0.0	0.0	0.0	0.0
W5	0.04860255535319167	-0.031529197679535395	-0.08511324364085532	-0.029438692420787598	0.006902955381910247	-0.02266631064578378	0.015411881420539196	0.04886718100065928	0.013580520101856645	0.024567289338114993	0.03875695516982742	-0.0005046097361385075	0.007812564823407088	-0.007373973398671771	-0.002607871611326956	0.00675777665810754	-0.005821511255098458	0.002295706991334625	0.0010329198993516357	-0.0006547616245721754	2.939742725746015e-05	-0.00023170033588992915	0.0	0.0	0.0	0.0	0.0	0.0	0.0
W6	0.29859938636612815	-0.01767256887444314	0.06781327798657986	-0.07224347690098122	-0.00620155706514214	0.007191046718994601	0.02137726443367604	0.043948177851076686	0.0020479986020958047	-0.002579624692191193	-0.028488204392593284	0.011547065424285607	-0.005224941687468953	0.0065068319921521844	-0.0018849811738601311	-0.002381643797754462	-0.007440551684123139	-0.005865349535277971	0.005318312190364307	-0.0006278225056310598	-0.0007508836979450789	-0.0006849734415408918	0.0	0.0	0.0	0.0	0.0	0.0	0.0
W7	0.3254242648703347	-0.09119147810529218	0.04353322433766315	-0.005427394540583025	0.02237418476010554	-0.0026795497721529816	0.007866236017941999	-0.010838384657419447	-0.052166835662065265	0.014170302034439032	0.004383475925768172	-0.03003096751700286	0.011924145921420897	0.0008574299283791341	0.0016753676591483265	-0.005606695487714539	0.0037932043010299663	0.003113896157190632	-0.00746380905882643	0.0018271537572063892	-0.000945716189299735	-0.00024807678261783535	0.0	0.0	0.0	0.0	0.0	0.0	0.0
WR1	0.0390221010802315	0.11769699481923206	-0.024211785381242006	-0.0006381419438787562	-0.012982149898563599	0.030507883573641304	0.015027877729649414	-0.01586698331172885	-0.009574262990730375	0.012072087506329494	0.010243103898108457	-0.014673935810967757	-0.003779791308431664	-0.00601713910466401	0.020008597543990498	0.005414263434570366	0.001647054519151363	0.0015241794028477606	0.008484854622062757	0.014469054060132608	-0.00037067314831724994	0.00082307519240704	0.0	0.0	0.0	0.0	0.0	0.0	0.0
WR2	0.06891596695303544	0.11020863140762242	-0.017902777009030226	-0.01875345292892495	0.009069695076203185	-0.011216759894791995	-0.021770303586215446	0.021859971404625	-0.0020204300967278793	-0.017327006971161015	-0.019347656469834565	0.028235047890458345	0.002162819024684284	-0.0023832658791855528	0.012651680300303598	0.001087706520548096	0.008645696236225332	-0.00041484268744414817	-0.007163066166661001	0.016113585220289987	-0.0027826950499133234	2.1680980815042004e-05	0.0	0.0	0.0	0.0	0.0	0.0	0.0
WR3	0.009151796025006124	0.08337290983794995	-0.04047600496165802	0.01957746361488188	-0.013858381465673695	0.030993248634704536	-0.000671892965926531	0.03483195418863338	0.012241137665263047	-0.0023622054884275064	-0.0015423787759247737	-0.01761911698727472	-0.015158485601099425	0.013865069726291665	-0.012706066441882777	-0.004129192470897652	0.013399010685850157	-0.001120804342293592	-0.012425002029282744	-0.008546071010075519	0.0004874144089419212	-0.00013347916583245534	0.0	0.0	0.0	0.0	0.0	0.0	0.0
WR4	0.04246092346630374	0.1393651931975598	-0.020157034804272635	-0.014256187925817938	-0.025542534159532514	-0.005135736495707089	-0.0003015073080210944	-0.01753682074987721	-0.013403522887355827	-0.02100852727047994	0.00209030447868661	-0.008157616775840629	0.018921085927342856	0.017756421424307108	-0.0034110955302654815	0.025036246962639785	0.003947073168817613	0.0028686347193213535	-0.00198769062437861	-0.0045254219830111195	0.0029428404044532378	0.000787554973469741	0.0	0.0	0.0	0.0	0.0	0.0	0.0
WR5	0.05065831583702809	0.10959094708047834	-0.02912047604629982	0.024597625615167172	0.004677493298143437	0.0020398935448364885	-0.005780325402251157	0.00048751649760271057	-0.0018527564590075638	0.008770275865433812	-0.014906599680755903	-0.006012987916000156	0.0110975200781938	-0.018600782940231576	-0.03418722518964363	-0.015632028288026803	-0.0034585294525951256	-0.00023186642689025495	0.015407056881424278	-0.0009960880804023027	-0.003286957946316798	0.0018926158808378949	0.0	0.0	0.0	0.0	0.0	0.0	0.0
WR6	0.06839216267708707	0.1196165774331413	-0.02191061370398333	0.0005320341862482255	-0.009897707906176037	0.03746974145728721	0.02082430672602456	-0.026300411739104704	0.0017004442715300254	0.013179370447832644	0.009264796160077129	0.015080252021974293	0.0016693067691614344	-0.002972590708256818	0.01403646276667496	-0.009602341345144884	-0.019916294826612498	0.002510213469055249	-0.0025429567999282567	-0.010784807193527899	-0.0019029549255081977	-0.0035793923602783985	0.0	0.0	0.0	0.0	0.0	0.0	0.0
WR7	0.08701932624154234	0.07132299362855102	0.004676014885894198	0.023181856188857396	-0.01037511580072416	-0.0843366070544433	0.0011476059285176212	-0.024772645604877203	0.01629059444237786	0.005634513710478026	-0.01317176118134116	-0.009666010766525759	-0.015358099322492116	0.00615655921497545	0.006220538819481054	-0.013893296339548127	-0.0016294009865674595	-0.008054312925345787	-0.007871851329748629	-0.005363747996824967	0.0015160494157105589	-0.0009378189659361442	0.0	0.0	0.0	0.0	0.0	0.0	0.0

Biplot	0	0

Site constraints	0	0
