Eigvals	36
0.42674586354777316	0.1643660902146471	0.05844570332524905	0.02911522643344606	0.013130653210246479	0.009222789520158878	0.00771309406055673	0.006572938622199622	0.0054812754202178265	0.003734255925439387	0.0036666414515088555	0.002911459140539436	0.00222656673885655	0.002055456381989726	0.0017293152679651496	0.0014756965350832003	0.0013238684705244074	0.0011252648723905209	0.001019708553219716	0.0008931835086651678	0.0007245558027677811	0.0005787972407045013	0.00047407325002433477	0.00045072346033278327	0.00021637094317441576	0.00016489639143638015	0.00011309313521454256	0.0	0.0	0.0	0.0	0.0	0.0	0.0	0.0	0.0

Proportion explained	36
0.5722927517526992	0.2204251525293165	0.07837932418619503	0.03904532996518302	0.017609022839798733	0.012368334515178742	0.010343738982602366	0.008814719608357984	0.007350731339894346	0.005007869511731746	0.004917194295755848	0.003904447835305929	0.002985964516088624	0.002756494882404082	0.0023191193585897292	0.001979000859653664	0.0017753899795451308	0.001509050198910549	0.00136749260802746	0.0011978146518973728	0.0009716744076136533	0.000776203107947798	0.0006357617213515171	0.0006044482007368554	0.0002901668956768953	0.00022113631945878682	0.00015166493007851998	0.0	0.0	0.0	0.0	0.0	0.0	0.0	0.0	0.0

Species	0	0

Site	36	36
SRR17307258	-0.03282086333576886	0.02789535576136022	0.037789026038840476	0.04355929040262169	-0.008924260785689909	0.03446295467031296	0.023202069403815747	-0.006005985613561173	0.004987410036877965	-0.00994526374847177	-0.001124658304481963	-0.0032610878295680303	0.0039976059688520615	-0.0077841114803161885	0.0024562521844496013	0.0024372185137619415	-0.0021014387001861887	0.004486748861834583	-0.0031094886531590686	0.005335683758487756	0.004558030035054424	-0.0045576881188460995	-0.003894447028616301	0.0051364103195908235	0.004317945678263251	-0.00010488648920408811	-0.0015603395672920636	-0.0	0.0	0.0	0.0	0.0	0.0	0.0	0.0	0.0
SRR17307262	-0.006379197352809377	0.14767543451530166	0.06808716639041058	-0.048581865717855686	0.005124780420730488	-0.012063589939726336	0.0058840186636587985	9.829143699653783e-05	0.008525161098569605	0.008555872757186897	0.0054410195408719645	-0.0012243337674066707	0.012328254593030002	0.002977341207990402	0.01954633650702339	0.012566624631112524	2.464310266508788e-05	-0.00022856956963718226	0.0030628861114758506	-0.003161402858036055	0.005421167878202826	0.002610145559407721	-0.000652730977587088	-0.0018427237755284753	-0.003004805607826348	9.315292795682136e-05	-0.0005819516576696329	-0.0	0.0	0.0	0.0	0.0	0.0	0.0	0.0	0.0
SRR17307269	0.10955370007622381	-0.06471442917819145	0.014713624373638334	-0.017991401392915423	0.004597409640764593	-0.0016037987383667747	0.00787366178402947	0.00877177100733025	0.0018612599646830627	-0.013302023088454167	0.0002807393531457356	0.006570548226096449	-0.003261274082076179	0.020934268981562833	-0.0019530976287278554	0.011206790549708821	0.002061664457670182	-0.01444779451394782	-0.0030636102176264048	-0.0001817834294968999	-0.0076342909914738745	0.00036326140737580326	-0.0050850554418586415	-0.001500866990353808	0.0028651706237448884	-0.0027119594434904426	-0.0017704981174180817	-0.0	0.0	0.0	0.0	0.0	0.0	0.0	0.0	0.0
SRR17307273	-0.12657456192329497	0.02905517444185625	0.03793025475702486	0.026447516965265892	-0.036775025675433205	-0.035499023348339716	-0.02326857296058339	0.02620206007412864	-0.003763272054962187	-0.015281087193600194	-0.009649458501580511	0.00929434961741813	0.0009972004553890697	-0.004463323175765546	0.0020674107691358084	0.0029005975872834822	-0.0015538222647492452	0.005403771444713924	-0.00209189207750437	0.0002512626829230488	0.0004581945528400746	0.0020128339466026317	9.894271705970792e-05	-0.002167542192949641	0.002465057026674377	-0.00014589584386054128	-0.0006556194800930256	-0.0	0.0	0.0	0.0	0.0	0.0	0.0	0.0	0.0
SRR17307278	-0.04860070069474838	0.009731946748460328	-0.020099376001883135	0.049607911838419214	0.017892898699176936	-0.016726269380805223	0.009114139429297771	-0.001200240193166255	0.014223269862754248	0.020814544637908668	-0.024903166541072733	-0.006148433141309198	-0.0031214862294064267	0.00013464639294933316	-0.007724098732178096	-0.0014893638908450811	-0.0036081534063558815	-0.0018363996165721497	0.0015939272259334117	0.001499803571657297	-0.002226807835180131	0.005027180447802833	0.0010888809975248348	-0.0019919380993935615	-0.0021031507067962836	-0.0003243319813919009	-0.001278156848176348	-0.0	0.0	0.0	0.0	0.0	0.0	0.0	0.0	0.0
SRR17307316	0.1266193508445612	-0.07264361872134555	0.021158561828650647	-0.012835206557496065	-0.005262947368296841	-0.007957155334834801	0.015965034600512622	-0.0035526836423611687	0.008813348976923195	-0.003829842314253813	-0.004416120933038979	0.02489099009679074	-0.008435847595748358	0.004696537813824153	0.003241177980757297	-0.013628832559853952	0.010076541491534946	0.003976796115488323	-0.002812740031053304	0.005086988694284427	0.008418672418614388	0.006953712519206233	-0.0020266146108423536	-0.0006249783393507387	-0.0011656197864371453	-0.0012665098647318758	0.0005013602102083735	-0.0	0.0	0.0	0.0	0.0	0.0	0.0	0.0	0.0
SRR17307364	0.12808822615516186	-0.07207966516595879	0.01426155121488559	-0.00603344675446699	-0.01375583636074443	-0.017768699980497606	0.0007615433941532087	-0.018819019697373377	0.013917741131937146	-0.01395516182269356	0.0026906228056513327	0.006025501965458962	0.022630452454380424	-0.01787118789166084	-0.008841653436930092	0.0009088929728592463	0.009173406451657717	-0.000403033670812472	-0.0001980458619041957	-6.785483963470117e-06	-0.006401033246026317	-0.0027486074301635716	6.302391860494933e-06	-5.621889584452495e-06	-0.002022903728139989	0.0019831747784198827	-0.000334371709132726	-0.0	0.0	0.0	0.0	0.0	0.0	0.0	0.0	0.0
SRR17307380	0.06450281006462004	0.07250135963277271	-0.05753323725599446	-0.013490036918377616	0.004516117178773666	0.001974292080934839	-0.03080922137367548	-0.01678274701679286	-0.007887189429747525	-0.0033860416310794467	-0.008910171433260302	-0.0022844646670130563	0.004475497016243384	-0.007098670731872558	0.003931492345639763	0.0035221171796925234	-0.0022302030022916023	-0.002480500238418085	-0.0031163010690244833	0.0013847190934228352	0.0026916324850349595	0.0026456179671654153	-0.0035504548360320693	-0.0029395782691957165	0.0014195230087564348	-0.0034251613314423496	0.0046452069984916425	-0.0	0.0	0.0	0.0	0.0	0.0	0.0	0.0	0.0
SRR17307392	0.05207723694338099	0.051756934444768116	-0.07594966334148402	0.005193842561347625	-0.0033618337157726884	-0.0083809858583683	0.021809992563759633	0.019234877742346862	-0.0019160095930595199	-0.004740200368618704	-0.001766359413515276	0.00014740207304832245	0.008952225727794829	-0.001207813714233602	-0.008562535233187415	0.008353476041388233	-0.002735210556490449	-0.003783746137456054	0.0024708283254806364	0.0018435810923087303	0.009388699320795287	0.0024564154090412865	0.0018511874951463016	0.0015374575762816154	0.00244833948844819	-0.0005170419291366214	-1.1845253776312823e-05	-0.0	0.0	0.0	0.0	0.0	0.0	0.0	0.0	0.0
SRR17307400	-0.21504394286392758	-0.05795621619582444	-0.02673841959176087	-0.04085957185344367	-0.005939038878879454	0.00819862628321346	-0.0032872644047540205	-0.012087213611775092	-8.312525001333242e-06	0.001369033914723035	-0.0034974081810948124	-0.0012573529269372468	0.001598314500118824	0.006300382637056509	-0.00914348514644752	0.003590156997164776	0.0006937888804600765	0.0024735165782023786	-0.0037479669275764602	0.003165460199980333	0.0020112679775198677	0.0063174863557751435	0.0033483524768782233	0.003366102690373616	0.0009197996063594107	0.0005742090127835023	0.0037042308402203948	-0.0	0.0	0.0	0.0	0.0	0.0	0.0	0.0	0.0
SRR17307404	0.10792893101634392	-0.06498625914106212	0.015464927900309618	-0.012699325254128245	0.0024787581235884318	0.01812701585807028	-0.021317798265951378	0.01728119637975605	-0.013222840161324105	0.007821335495903959	0.0032361297666289425	-0.017357507667973882	-0.0017285665430559686	-0.015735531612755923	0.007591755673224743	-0.003192207005397136	0.008415228919683607	-0.009055016152767872	-0.004575043837152225	0.0060893371581812895	-0.0006144799695699328	0.007124579596224005	0.004276491322347525	0.0031009548392348226	0.0007793042274014646	-0.0018168640252481665	-0.0028981239027147613	-0.0	0.0	0.0	0.0	0.0	0.0	0.0	0.0	0.0
SRR17307406	-0.11638759235873405	-0.059930809229460286	0.002548940407798519	0.013637243262035182	0.022543769230809096	-0.017087471655811544	0.010345766817187501	0.014120904670649593	0.0025128573121607108	-0.0021190231962606512	0.007127383918889679	0.004317815219402656	-0.0008211440088855974	-0.004706000845674464	0.00556385637290599	0.003440246109978528	-0.015473302483154695	-0.007414623390944155	-0.009397980208730703	0.006782676764140656	-0.0039141185131308254	-0.0017837213578661745	0.0012375113829263575	0.002208981656877029	-0.0029165303397501426	0.002777559235926841	0.0013292177644626867	-0.0	0.0	0.0	0.0	0.0	0.0	0.0	0.0	0.0
SRR17307409	-0.04343573215110386	-0.01712463147146636	0.027838277017359185	0.03167486134093685	0.026213690233653823	-0.006321565859061184	-0.01786506425221902	-0.007595656340576391	0.004691075240194579	0.010202461372800899	-0.008933696523734921	0.005170665030940675	-0.006405314239728768	-0.006610248891879071	-0.0028719310086912134	0.0017325511698335887	0.0017127362875783056	-0.0017982222338594818	0.004228706175225263	-0.000856708440441347	0.003487904557132923	-0.006587306932517822	-0.0003903361954364324	-0.008505679321224455	0.002766536351628777	-0.0022074052542436703	-0.0017494243243966646	-0.0	0.0	0.0	0.0	0.0	0.0	0.0	0.0	0.0
SRR17307413	-0.2272388883302811	-0.062249693242241375	-0.03307925310127914	-0.04261409213850063	-0.006158197105381292	0.013105034154920687	-0.0030580532823092687	-0.009248274749727049	0.003349065922388076	-0.004859750958893355	-0.0022607988976707165	0.0022844545139716383	-0.001954791497770746	-0.0018860352517698212	0.005099530572608253	0.001373280523983958	0.00048664418082244117	0.00201554799558445	0.004194210537051081	-0.00010462132049536748	0.002931827181607435	-0.00029075459231798356	0.001915694263876257	-0.004045828111161377	-0.002214071832553063	0.002304616582317092	-0.003901056093912795	-0.0	0.0	0.0	0.0	0.0	0.0	0.0	0.0	0.0
SRR17307419	0.05442487056993545	0.04456283296550634	-0.0587722078270725	0.015202400134561802	0.020809286534004687	-0.010882728662236336	0.0004706152195328532	0.00260995870661616	-0.004529135053676705	-0.00837791757866778	0.0062719549801952025	0.0026032179752227555	-0.0055472831469000165	-0.007404874334377554	0.007478289706490345	-0.006058524143755314	-0.0015884734783348452	0.0015762903459800642	0.011981931893882362	-0.01013795862905778	-0.007331019590798615	0.007199110800082148	-0.0050399565282417715	0.0035984772213939653	0.0032962232532044275	0.0028066990867163027	0.00022598612603420785	-0.0	0.0	0.0	0.0	0.0	0.0	0.0	0.0	0.0
SRR17307420	0.0997465888266906	-0.05627689845892932	0.01937758534342669	-0.009011121804519	0.015483110944435082	0.02358826264420811	-0.010794964209482243	0.01994733629364808	-0.013897447436186443	-0.01010528903226639	-0.009623438596533314	-0.0064346784181129055	0.009632100049723778	0.004173872652897374	-0.003788046335109318	-0.011362579072680342	-0.00893627037713106	-0.0033597403156621964	0.005331609011720346	0.0013045488188145658	0.007180442830711068	-0.002963268324298209	-0.007363894736832551	-0.00358368670031145	-0.0034804818449959934	0.0030536838237499135	0.0009241446129792191	-0.0	0.0	0.0	0.0	0.0	0.0	0.0	0.0	0.0
SRR17307436	0.06665855627634228	0.06466483466245243	-0.05154437555125928	-0.016094728870471448	-0.0050968618480090955	-0.00353903699360882	-0.022989106990215842	-0.010226303986951412	-0.014514516273393173	0.003429547529914733	0.0031049964125009306	0.004769004926966623	-0.004811997077975559	0.00795987520172291	-0.008793665267771636	0.004932172300326663	0.00849942600412872	-0.0055897230803266295	0.005503059828675951	0.0015833612004104438	0.001277385783849962	-0.006495158016914461	0.001534452259619409	0.004102435182877726	-0.002700609583643848	0.0024011680878931216	-0.0013017508033808343	-0.0	0.0	0.0	0.0	0.0	0.0	0.0	0.0	0.0
SRR17307475	0.07091091286245611	0.031675650012188826	-0.06682038874858306	-0.005011187443968156	-0.04563139308027447	0.0032011486365104854	0.016439657484512756	0.013976225082974223	0.015060847717129257	0.0035591405105619323	-0.017197166099499388	-0.007877732214838378	-0.006246116751995073	0.002068128307051209	0.01168407601472593	-0.006884050238713845	0.0035954268188470914	-0.003291461095684523	-0.001102322834907842	-0.0012822963799252799	-0.004549217255481625	-0.0033471112425730743	0.0013289307207593002	-0.0012266533538946936	-0.002800713353318244	0.0012820204503427779	0.0008276738619628094	-0.0	0.0	0.0	0.0	0.0	0.0	0.0	0.0	0.0
SRR17307492	0.0465961303135401	0.05755685043564788	-0.052022265337976374	0.011894910230929416	0.032567222445164384	-0.008926887434812408	0.009816756837818944	0.002916937821438386	-0.004741173197667044	-0.0002033024164652921	0.022834666305380547	0.00631324430303289	-0.009189243237059216	-0.0039537990033991915	0.007008857578765216	-0.005331340976729126	0.00496104535379109	0.0014770977729334914	-0.008183094016467062	0.00028851485724232874	0.003621530595425102	-0.007588860048636217	0.0019683935091327365	-0.0015770989657417605	-0.00046720441282098143	-0.0008380882763779557	0.0010254892517643172	-0.0	0.0	0.0	0.0	0.0	0.0	0.0	0.0	0.0
SRR17307525	-0.055099491458763895	0.05264118003718278	-0.02956633488007432	0.047806001005695827	-0.011503090814671437	0.0014533623087341252	0.026810234130608214	-0.018004132972503903	-0.025549612639652858	-0.010626434731774591	-0.01156625291863594	-0.010083863753729966	0.0019109511627956408	0.0025924848986294212	0.001687257700618545	0.003039371107936556	0.006866653616282943	-0.0015778559265149802	-0.002959131349574968	-0.003111337296173644	0.001037050819342787	-0.0015176858826842865	0.0013133342456774248	-0.0010395658783965574	-0.0011903206179608731	-0.0007438974238749117	-0.00018220530410058435	-0.0	0.0	0.0	0.0	0.0	0.0	0.0	0.0	0.0
SRR17307527	0.0015061658372171913	0.14390275773636219	0.0632510977254005	-0.04606781609133289	0.01631499516908094	0.003345852991968115	0.006452475545984739	-0.0008614484176389601	0.005272854038731249	-6.231191569737527e-05	-0.007353360452929556	-0.0025122298779130855	-0.009177811194314938	-0.000965627090101841	-0.0073450446103609755	-0.003877547760540285	0.004111766435639935	-0.002552219041225935	-0.002100208601879274	0.004755755167609965	-0.0022239701121380055	-0.0004877803596004592	0.0031388991246456437	-0.002254154201421177	0.0058397673739568785	0.0062436411242865015	0.0009358527888127831	-0.0	0.0	0.0	0.0	0.0	0.0	0.0	0.0	0.0
SRR17307530	-0.15439958293024378	-0.07107080805723072	0.003482646081612557	0.0025558271794815382	0.015408502170654908	-0.007809700915837083	0.011378357122092323	0.018367902453949224	-0.004066395661966978	-0.0035370145696942243	0.01480218044755839	-0.0001052630628794162	0.00013259142873697612	-0.0052510947145342065	-0.009507542383324737	-0.00023764224672934652	0.004565153847839044	-0.004315331666014104	0.004407397415838974	-0.007711308037227587	0.003047675830126549	0.0014592832393507432	0.004650833475552653	-0.0021800763668918077	-0.0014747639743453813	-0.0010260676238329322	0.001084302105872938	-0.0	0.0	0.0	0.0	0.0	0.0	0.0	0.0	0.0
SRR17307534	-0.029877520884546097	-0.015083588288919005	0.028789539597641464	0.03877828246548971	0.02532113377974257	-0.0038496190664752982	-0.019178932282351777	-0.011791020436041461	0.006023615790699516	0.008789539651989985	-0.005857459278792045	-0.0019362524004602774	0.009851418507804402	0.009134047814078469	0.0028656853341807492	-0.003005225223762448	0.006331413186543031	-0.0003231229978950603	-0.013254772759720519	-0.007487352080192909	-0.0011843588565649565	0.0003112400217419549	-0.002701319479243644	0.003408880506693269	-0.0009943570419922035	0.002046193032422835	0.0006341175838823041	-0.0	0.0	0.0	0.0	0.0	0.0	0.0	0.0	0.0
SRR17307540	-0.24709935726976098	-0.06209236088805825	-0.03470785624701914	-0.050600862337331354	-0.007615547446908309	0.013041704873567058	-0.0007071364181807022	-0.007578921300944507	0.007833370440424415	-0.0020029362387310717	-0.0028080557613922325	0.0016900763651974211	-0.003034291657489248	-0.005308894564862053	0.005401915303238831	-0.005004046058532559	-0.0025272030920042332	-0.0021387859543853505	-0.0014094715187008987	-0.004208892016352951	-0.00445110020883443	-0.005431862985253173	-0.003990776735977863	-0.00021294095167751767	0.002217197731796067	-0.0026854030989192177	0.00030850346334059003	-0.0	0.0	0.0	0.0	0.0	0.0	0.0	0.0	0.0
SRR17307546	0.10605314419412691	-0.047932512682495314	0.015935384908058178	-0.0041729705045674	0.019055237199581302	0.00365430279101472	-0.011754599423949201	0.018609395353908615	0.0016222432572412055	-0.010334592261171782	-0.01173711147549479	-0.002186347276627957	0.005998564214207462	0.010866283066684142	0.006286580653780977	-0.0011559469424487095	-1.9813129941804395e-05	0.011760263880515409	0.005139242341765429	-0.00013646829221670637	-0.004285388714994881	-0.006417494486125969	0.010923139107722671	0.002519758374998903	0.0012816717521433904	-0.0021140591988286156	0.0016266843750876684	-0.0	0.0	0.0	0.0	0.0	0.0	0.0	0.0	0.0
SRR17307551	-0.14145788707123408	-0.0659340818112081	-0.0010974433150621027	-0.0029276643406278237	0.024536334259165165	-0.013779126149217998	0.011369401778674178	0.0012023889865585794	-0.007806987622157331	0.010288704066764773	0.0037371378845115874	-0.011388345778835397	0.008214873664116048	0.009784926313949095	0.003284360285635124	-0.0019577418056557156	0.008342439072620663	0.008266693043989118	0.006523558521962816	0.004693582727323671	-0.00042983399483882185	0.0005014711706824047	-0.00503107109300923	0.0040798475015048075	0.001615765857033317	-0.0004802122762589826	-0.0009807480349703537	-0.0	0.0	0.0	0.0	0.0	0.0	0.0	0.0	0.0
SRR17307593	0.05490501356273981	0.0662253537689585	-0.06551717254278513	-0.008382213483608616	0.0034721157871391403	-0.0020850038459931997	-0.012171454732271913	-0.010798212038052046	-0.009819896325531954	-0.0043666229817878	0.00818226578807957	0.0045540982044208625	0.003355863234618897	0.006511621509031397	-0.0035366489270722387	-0.003663777106226403	-0.011193953350993626	0.011059472371396862	-0.006716151669622001	0.006715248400683518	-0.004275129506124569	0.0035247442831121065	0.000909175559379487	-0.002251187742194688	-0.0007475219787050919	-0.00024413484570293665	-0.004427537826723116	-0.0	0.0	0.0	0.0	0.0	0.0	0.0	0.0	0.0
SRR17307610	0.08752758436993976	0.007657407715576471	-0.029885451745932403	0.0071774624904736885	-0.001529403486237664	0.022073666796650834	-0.012445323450227391	0.0016772885753403674	0.03576167257397811	0.007271349975550265	0.003135511885185098	0.007233245965211665	0.0015821912724738498	0.001466384229324678	-0.003902082290869928	0.0009131620585167369	-0.006750764455823347	-0.0017557234628105434	-0.0005361537120331968	-0.00944960970238554	0.006231492281614986	7.68980068544682e-05	0.0023669756588642838	0.006247413839371025	0.0011861127237876297	-0.0003813772192140187	-0.0015666587451113245	-0.0	0.0	0.0	0.0	0.0	0.0	0.0	0.0	0.0
SRR17307628	0.11337266447632308	-0.06798303135959327	0.022498037354203502	-0.02019873671182337	-0.010030102704928085	0.007340628725469668	0.0014475380764494025	0.014822276177982714	-0.014874970828248374	0.007563251502735298	-0.0032299590501463	-0.0035821269327850312	-0.01660924312617548	-0.006128167710400928	-0.006792922686499404	0.014577069100048523	0.0007891314402901444	0.013764822904712742	-0.007826819707775401	-0.009716353295585272	0.0002434960115990167	-0.00029260193593659296	-0.004456417779688931	0.0003086434657984096	-0.0018564267399134764	0.001580655848200603	0.00010935127434059736	-0.0	0.0	0.0	0.0	0.0	0.0	0.0	0.0	0.0
SRR17307630	-0.10119298805795307	0.031088681809699977	0.02967952713887876	0.0336135786094999	-0.03181549362470725	-0.009104270384928184	-0.02080111107519349	0.0038914404605860592	-0.000541335179437613	0.008834732136626932	0.0074870694284580284	0.006341953595332469	-0.009268277909683575	0.0007809718018828839	0.0002699138321181272	0.0006949625638592501	0.0007733969922091608	-0.00242899556131907	0.007407533501052209	0.008528469063673907	0.00023208632038278302	-0.0035327165926149835	-0.003777732375932563	0.007393020627277202	-0.001757561782311992	-0.00022565591383578705	0.001225710557813284	-0.0	0.0	0.0	0.0	0.0	0.0	0.0	0.0	0.0
SRR17307632	-0.01440711087627862	0.022531583364128777	0.052535538809535744	0.03943256741090906	0.016003074943663455	0.03664769403759279	0.0011888058402945904	-0.01844276570869265	-0.0011585863254671236	-0.0164120809458122	-0.000351041480288777	0.008932069147424455	-0.010069236750444738	-0.0009975213288198402	0.002896210423472637	0.006676729181990922	-0.0017257180191512813	-0.0005039055231569688	0.006764422183736966	0.001045653867503376	-0.0043915511747330245	0.005630524197907025	0.0037539394356006315	-0.0003849818338722999	-0.004134894644719853	-0.0006041890472390172	0.0010596495341099101	-0.0	0.0	0.0	0.0	0.0	0.0	0.0	0.0	0.0
SRR17307636	-0.006746084376093911	0.14112768882029125	0.06444412593880293	-0.04566305335707729	0.0018210347523031135	-0.006947614438218649	0.014518351185019217	0.0019416189461419363	-0.0044635496510167134	0.0015229953972385978	-0.0020451904706012595	-0.003309397240505243	-0.0002493878944283468	-0.0049374166934161735	-0.013512910981301113	-0.01085434303118869	-0.0052686834293987584	0.0005306635690570928	-0.00022011364338049913	-0.0030981153134074695	-0.004329652166420349	-0.0014067041495791591	-0.0013841799816882666	0.004099354591365437	-0.0032164534599415386	-0.005654720079041015	-0.0005365642574327292	-0.0	0.0	0.0	0.0	0.0	0.0	0.0	0.0	0.0
SRR17307643	0.12094288133033512	-0.08829756143718089	0.027243076982943343	-0.006169953608292728	-0.02220245085255683	0.00012780809821837005	0.016039735072601206	-0.016785613760840243	-0.03055309850528241	0.028244373275498443	-0.0016140956777126352	0.01702742159843458	0.007308798040631524	-0.0015889226434204079	0.004929235095578389	-0.0014535531385696605	-0.010167399167610306	-0.0030438917259137653	0.003351414570008611	-0.002567401124612117	-0.0015307326749823206	-0.0013096444288980282	0.003865260443449913	-9.638702654944856e-05	0.003103668587114165	0.0006576413035419766	0.0005866758182878248	-0.0	0.0	0.0	0.0	0.0	0.0	0.0	0.0	0.0
SRR17307647	-0.08350099246950081	0.04534698965589416	0.03389957471290812	0.037706007335701675	-0.03970001603810921	0.014841302208727442	-0.00850239514547641	0.003780087711358439	-0.0029242956550089	0.0024206692226780052	0.02424211773504016	-0.00694224454552467	0.005316404933666802	0.011802042946358832	-0.0035774504244107954	-0.009984338131748736	0.0001419659835305992	-0.0016404216613814951	-0.002721046351637878	-0.0063249479252262914	-0.0007462930593362221	0.0027324777598614525	0.0020001755311472697	-0.005644500014038538	0.001251584435308289	0.0005279487761256056	0.0003602533513073712	-0.0	0.0	0.0	0.0	0.0	0.0	0.0	0.0	0.0
SRR17307649	0.15245644227236482	-0.09836737597883437	0.029041289194951313	-0.0049405676838148475	-0.013456033810586437	-0.033924592501836125	0.0006487261495968394	-0.030558079547071473	0.013161061540693377	-0.01000667454897809	0.010670163046520454	-0.02701625402226348	-0.012582964810062389	0.0031237160527286577	0.0008791315816983119	-0.0004961192636177406	-0.00886640712551068	0.00035257756926433405	0.0031610461926139563	0.000721745141181391	0.004960225721171149	-0.00048802761555658935	0.0010923418532998942	-0.00039293045468919487	0.000771179319709218	-9.888352130826637e-05	0.0004187822549635477	-0.0	0.0	0.0	0.0	0.0	0.0	0.0	0.0	0.0
SRR17307666	0.08639128441274038	-0.002874475220409424	-0.026636308229115026	0.010058119591250326	-0.005401937915244562	0.019073483328861527	0.007414117167241442	0.010886361152359659	0.018621769213402396	0.01676602009528929	0.015601010692858708	-0.0032581432996861043	0.004230970528616617	-0.0014082901484640759	-0.004316210823166006	0.0067717600075478165	0.003124343515332497	0.006824821083033203	0.004020581213007013	0.008466949364968099	-0.0066798047303984415	0.00030001181218706856	-0.0033242261714822962	-0.006638817915216398	-0.00029645560915575215	-0.0007156193835020471	0.002203659152352819	-0.0	0.0	0.0	0.0	0.0	0.0	0.0	0.0	0.0

Biplot	0	0

Site constraints	0	0
