Eigvals	29
1.9663746624837959	0.6736182092038187	0.2714032993292499	0.2272218297220924	0.21717934946719838	0.2011263937631261	0.1776809512817796	0.15252055116234212	0.1360370517011957	0.1232953516743528	0.09400819528452428	0.07933716125023427	0.06850292223795604	0.06407885291529435	0.0577493741536967	0.05557781049048581	0.05038057046066497	0.04386728969567486	0.036712880202608385	0.03135248107246824	0.027285817186559706	0.025593809648735782	0.018098011233293555	0.011384816857536229	0.009300083838660602	0.006875208286307088	0.0023021063778358598	0.0	0.0

Proportion explained	29
0.40721259463572035	0.1394982472044617	0.05620436624877923	0.04705491410377221	0.04497523696024765	0.041650862481393	0.036795592706327776	0.0315851757851865	0.028171640861088462	0.025532987695446645	0.01946796907486499	0.016429773989730025	0.014186133109247658	0.013269961444660718	0.011959202351606598	0.011509497577341564	0.010433211537927948	0.009084389255732574	0.007602796907976192	0.0064927225769175175	0.005650565289149962	0.005300170833420876	0.003747880936762535	0.002357658944889919	0.0019259357550341309	0.0014237731284595337	0.00047673860385378397	0.0	0.0

Species	0	0

Site	29	29
L1	-0.26820458317250945	-0.08572616406048503	-0.019135658082460875	-0.12345027637944246	-0.057356070670849364	0.023152350798097836	-0.010868651683656205	-0.0061275234600413194	0.037738653261862494	-0.0003772730550061287	0.0327969393633998	0.030512782431888923	-0.014484277484663036	0.12146166077761852	0.0031304333525286024	-0.010097776809539074	0.03908817414414141	-0.06214356028678619	0.022995933541694498	0.05400542692069312	-0.010254526232792485	0.025486289163871908	-0.023861618614307002	-0.009783518898712585	0.04541693785938356	-0.01090958681008019	-0.001045806479321593	-0.0	0.0
L2	-0.2788434214630858	-0.02215399093609893	0.01622981383348334	-0.10975746065100903	0.031841259052956705	-0.04373010787332919	0.004358456143781005	0.007983723146126307	0.07546030268291598	0.01851204106511049	0.01404512954695277	0.03423815357623379	-0.08865502801714363	-0.046287914825512186	0.029791449074708265	0.08079802614482022	-0.031213197642978047	-0.0013503053678028188	0.023490184569314704	-0.03502244407442323	0.06194507452321404	-0.03152182215698257	-0.004922263126287492	0.00773176458112679	0.01649298369036375	0.004364225675191084	-0.019989985349767887	-0.0	0.0
L3	-0.2782596300862618	-0.018888009598408636	-0.011508868333392137	-0.1043919573299229	-0.0066181643458283704	-0.045872010559875394	-0.08364772612343901	0.09748103408810103	-0.039912549711786434	0.1172646647117553	0.10117666065775578	-0.030271068323226045	-0.008458739622795922	-0.014357507850234546	-0.07007402778427822	0.06616371640050339	-0.012724995408839092	0.014234837196032423	-0.02199521449938175	0.028142016971123666	-0.0005954987957456194	-0.02345993955686611	-0.030619434548614703	-0.011963614567973055	-0.027007122613510272	0.011855532590857299	0.015198089951754168	-0.0	0.0
L4	-0.18047947012076498	-0.1378558427974801	0.09563044784447854	-0.017262112514927833	-0.16257023817608598	0.10582626963837738	0.06863209734286015	-0.04888005374540287	0.08692571668808406	-0.013939855313849366	-0.014619340312194017	0.049950913097143224	0.011872381614542099	-0.08557555027919247	-0.021501515105216255	-0.022419967893335613	-0.03983530176878325	0.03395209995423399	0.03193204382644311	0.013216775619003323	-0.03205040445334477	0.006204282835830291	0.0032553868009343257	0.015655125111664024	-0.004466160443269477	0.019651466571671848	-0.004788797302616385	-0.0	0.0
L5	-0.2464478115568571	-0.10980765349690755	0.003981894115208046	-0.1084336174994661	-0.13874419118818646	0.03320743707939965	-0.06718607131139696	-0.00605526219235944	-0.002357504465231105	0.04955471319507294	-0.01886902179007196	-0.03565110103342966	0.049118004030421616	-0.0031259924434391107	0.021255131043666695	-0.05550577259899079	-0.032682992945848546	0.03775963159290682	-0.0039972059077151055	-0.009627988302757124	-0.04830310082092978	-0.030722565875174353	4.7063615848144094e-05	-0.002328228119513256	-0.011340154739941733	-0.04126128397469899	-0.006247934262368945	-0.0	0.0
L6	-0.2299329474350041	-0.02443290222929052	0.03803801347230942	0.02516986412963636	-0.11156724734165623	-0.02693445212028905	0.1080341924088227	-0.009149299335550393	0.042446647293107015	-0.1083054325289313	-0.0407586266678172	-0.012203412762558234	0.04075979242445508	0.012629103729320421	0.02729548409808623	-0.02450233679461063	0.007256698886925451	-0.03730159336723289	-0.031609865379779965	-0.007743638270079021	0.0799987336176192	0.010368783701425764	-0.043712018973553084	-0.0263507003633117	-0.036250526196168184	-0.005127680864201521	0.005177517661747924	-0.0	0.0
L7	-0.21960825914196838	0.049483186217937424	0.05210526870724301	-0.0238396479297306	-0.03457266602072745	-0.09550242606784967	0.11495063601484523	0.0843694940918826	-0.10993052531579821	-0.009568820830799638	0.07293362310715183	-0.0007487920482092314	0.09004267831940455	0.03078030362297274	-0.015726355033776968	0.005652713217324758	0.02817947518949239	-0.0048990452566981734	0.0407662034087596	0.009962738576131587	0.02604015181867656	0.021750609670026507	0.059942745971241454	0.0383885227680716	-0.010554683693636355	0.0004494406135342658	-0.006369838107745893	-0.0	0.0
L8	-0.2536864997919863	-0.009154093346394174	-0.0026998695889037102	-0.08857063442400293	-0.04898244249814573	-0.10638678125705875	-0.010426913433298022	0.07105417160053944	-0.05268430361679395	-0.03278612078994263	-0.08541216486205558	0.02837068455347884	-0.08610317235543326	-0.012415873525942641	0.024331322982819835	-0.02998403768583842	-0.014487278586407245	0.028084686371890568	-0.03559916022162886	-0.05792458722491547	-0.010062633757547268	0.04709676828162744	0.02742818106578768	0.005344281751238905	0.019117235068045794	0.004217838719539003	0.021621496610059503	-0.0	0.0
LR1	-0.2806623668278263	-0.03141220857705477	-0.04520892049860581	0.019255877927991234	0.07179175868483915	0.05969141812463872	-0.0644946606268384	-0.01543191760580493	0.07233100668717765	-0.024913272960575078	-0.006513385316610613	-0.013698034768187409	0.058043838666755165	0.08663290253294954	-0.008654719991231173	-0.006276896074033187	-0.031927979502597306	-0.04704533344065652	0.0036525046475650723	-0.06673106648424408	-0.02752308424759339	-0.034924910455444394	0.04282689488493428	-0.026978210604322924	-0.008349754419329282	0.034390301380266414	-0.00034356900497715937	-0.0	0.0
LR2	-0.2429653352558346	0.1282048803887834	0.0007278174818115226	0.17023424531152534	0.03919614172197029	-0.058744791783961164	0.039564876481812464	0.054144295669135145	-0.09064644506852254	-0.009800492048707636	-0.02020579107478031	0.12707352905460512	-0.04589028658447191	-0.030105420188379948	-0.016150258411198787	-0.0533881638141154	0.02996895276742578	-0.014718828310298039	0.0528279035219506	0.016938825879712068	-0.02339379844959628	-0.06555804382352132	-0.009457918888537888	-0.024578088235531387	-0.0005220547724266866	-0.006222004811713009	0.0014585975523802354	-0.0	0.0
LR3	-0.23345232313798034	0.055173013535015046	-0.015246170749827101	0.1343421284476806	-0.0148212644087978	-0.014521245982419776	0.0746054979131963	0.002641817203285808	-0.06744951526935081	-0.06152373551170441	-0.005796500689728844	-0.14327871762918107	0.03132569552333889	0.00037583008975079063	-0.024504242711321518	0.02228993340507504	0.007173743397082785	0.06901013956003302	-0.02955418094453873	-0.013635065047243005	-0.006871183970527353	-0.03081382725654879	-0.0275037967744617	-0.0022333404114815176	0.04477558126474926	0.006419483547653948	-0.005320895043205742	-0.0	0.0
LR4	-0.2618806997410299	0.05917492038153414	0.026709556901539	0.07481229100295268	0.12703144759478951	0.06608706762684737	0.09754340069706259	-0.0946257708069717	0.023408196914481587	-0.042747453639329504	0.06154127606584555	-0.052204109750738255	-0.07376727556614505	0.02904753506925189	0.053688751855580176	0.020693510838314604	-0.050064961038552146	0.009566664119640028	0.044770964012403346	0.028765514276858507	-0.039996632487795704	0.030862387019132926	-0.016030759555954167	0.02061681676128613	-0.019520356486027547	0.0007427895390950636	0.011695184550765425	-0.0	0.0
LR5	-0.24441212126853756	0.002766965103781949	-0.05240849775675585	0.03942274580754466	0.040326685546778755	0.06344420543731003	-0.1187047555976678	-0.10176645587774288	-0.012093048498044651	0.06834883681422618	0.01864019076315125	0.03402219416779234	0.07461998767599133	-0.07801896101784288	0.026193213713257963	-0.03681808654356585	0.09032740583485599	-0.019155916053459208	-0.010102624842990616	-0.017129360674968848	0.016245784821106467	0.021896984799482298	-0.029743807479597758	0.02929364943170758	0.012629592888355301	0.019463839836248557	0.0059242801815094165	-0.0	0.0
LR6	-0.2661456983030305	0.029122661425210746	-0.0768490186903673	0.06802780439977796	0.016888691259901285	0.029079644716462807	-0.03726995284367874	-0.0188877787227668	0.06642653397725995	-0.014533083368516287	-0.09932637407894845	-0.007991637255345978	-0.008780441310354731	-0.03731409834314915	0.005010411391682183	0.08253623665106836	0.05517631112515882	0.005078499722234886	-0.0533370209401412	0.08412372870332083	-0.00600600835313491	0.009390824675101444	0.05694512417248472	-0.013724137880656326	-0.007830705410046851	-0.008345324150365962	-0.00210691283512416	-0.0	0.0
LR7	-0.26707265342850567	0.08588033131774246	-0.05697165658001087	0.027158260175785563	0.21663883601066886	0.038182356343399865	-0.0637649145081714	-0.014863388221729428	-0.05095949669013601	0.04562412471224043	-0.027881317308323928	-0.005488257533815823	-0.005800001721339214	0.0020029202731870646	-0.034415322709042045	-0.05393665919192442	-0.0532899709403766	-0.004013390680536554	-0.020062067663919617	-0.018485198116029482	0.02448663590141867	0.04182265886988521	-0.005223965807894959	0.006074380673736696	-0.011721891666019054	-0.026917006307637843	-0.013804813436196358	-0.0	0.0
W1	0.2328693869267073	-0.2200236624421983	0.17870805606097917	0.07790443205506772	-0.09019232626046014	0.05439869041145464	-0.12387377598841269	-0.15081462705227897	-0.11701759774990833	-0.00344199138395525	-0.008035224824753788	-0.032876666038325834	-0.08555874761670908	0.045145170670217255	-0.05865052201156872	0.011478835469886393	0.03153433142118135	-0.0005835636040449031	0.019592687788565325	-0.012540041212740724	0.03596721780190077	-0.008079562804623738	0.020897500186066086	0.0005626139437739214	-0.008325908780573541	-0.003032780771017318	0.0007371110023737855	-0.0	0.0
W2	0.25752668454001015	-0.14035396263768515	-0.22166854574615094	0.15111948180001278	-0.06691910800275085	-0.09411144604702026	0.09287696031345632	-0.03923041383550306	0.1374125537822811	0.06783867053849599	0.07342487877511666	0.03860578278622306	-0.032220347532541396	0.03282830017812595	-0.0761270339259871	-0.018388728172601863	0.005475081454831741	0.017295171260166595	-0.03247401198108153	-0.026942774869246823	0.002610816216921316	0.006454931098925934	0.006781073295611928	0.014866772469150852	-0.0004097436505564403	-0.011093459515004817	0.0014713332679821274	-0.0	0.0
W3	0.2835147516613698	-0.21149460310562262	0.10499413768586302	-0.13976496419389478	0.18116494047921092	0.011035123963447715	0.2028473128016485	-0.012815964679104203	0.017901005411277173	0.12289338043635026	-0.079365401227255	-0.036957738207890035	0.000460112908493262	-0.0007412667687052354	-0.005288936729310209	-0.03204781769074708	0.06509300507363625	0.010415580297571845	-0.0027348630680521977	-0.002068303862982307	-0.004917800225161089	-0.02040574343801553	0.001218559096770463	-0.010437606993917494	-0.0021436031064357044	0.004090770342504399	0.0024220986888650827	-0.0	0.0
W4	0.23478521875796773	-0.17408980734298876	0.18763084148230244	-0.029442442823322937	0.1607990245489552	-0.07831937326661585	-0.08331642252823163	0.02597611467326153	0.06986882175207161	-0.1737469797400077	0.08581752818572774	0.05944560547085555	0.04315389727842786	-0.024402611519177102	-0.03407960084287718	-0.0059418860075431835	0.002633036052916801	0.03474357300012152	-0.0370419410242016	0.010320097516644137	-0.01591995530046052	0.005204490481897926	-0.003089764021832365	-0.004929304910636594	0.007667283425341559	-0.008366039315412549	0.00033426580779893217	-0.0	0.0
W5	0.2194087215872625	-0.029131751304857994	0.16471640593853903	0.1607980386703963	-0.033154968461448574	-0.19424879397792774	-0.07918543129703785	0.06369280343531387	0.07243354938185709	0.10180284233671014	-0.009222506023564548	-0.07472299526127936	0.005741478906069794	-0.02436407950940874	0.08036842472670147	-0.00693228333542958	-0.020879016729324115	-0.06620775358352328	0.010663493112973146	0.005669235021573696	-0.020027732992203097	0.013476609119526936	-0.0020780875680359275	0.0008829448580403648	0.0036411886841824378	0.00015407747865603361	-0.0031085886426491524	-0.0	0.0
W6	0.32482746364523535	-0.19661066512561026	-0.25902002555891507	-0.06789990605774626	0.030468800618217863	-0.05933002214629907	-0.1019395450821698	0.0573919497597782	0.0008234872221545966	-0.09970496845622569	-0.04119616751363431	-0.06698529211274189	-0.015924740526018038	-0.01103758021410535	0.028536880475320762	-0.04364201523271992	0.015308011063009013	0.025587487919501398	0.07460192592133404	0.0307560192392862	0.016579878954802313	-0.015233988343281815	-0.005477716114235629	0.011154825445154108	-0.012456960506980294	0.01110179159043801	-0.0006821218814652006	-0.0	0.0
W7	0.30187092317694053	-0.36682536406691113	-0.07315635254005011	0.09255057280235267	1.476475971870656e-05	0.16106287574036882	0.04281197029882131	0.12329712650458678	-0.12442964268264335	0.008199554513378041	-0.011774424923464788	0.05931321376703273	0.02900125950286939	-0.003780866486851138	0.04630310721373914	0.07114118480914224	-0.04905119125564026	-0.03228093803300867	-0.024466133618829093	-0.007861647710675775	-0.00879353383420516	0.016269496115066086	-0.013661580663131914	0.00042099340299930064	0.005468890210021096	-0.00112879115944943	-0.001343420659361525	-0.0	0.0
WR1	0.2696460553670612	0.18757689669569919	0.009502929198937051	0.014394108436674833	-0.01201602434762378	0.14841816227382948	-0.011758461878557428	0.0313155533029716	0.0304800409209372	0.04386415835185595	0.11387842626866611	0.003095137338002412	-0.005963550230158545	0.002253202747734261	0.09977483979028103	-0.04492828171211001	-0.002352822872878355	0.05654652715463761	-0.009196256947183902	0.008020092661054756	0.05255108739287582	-0.022044735496640495	0.03621898148545158	-0.020816311369603786	0.012346813278551515	-0.006899578524772623	0.00885092527503724	-0.0	0.0
WR2	0.25929594592698874	0.18767287814094316	-0.06304619783225067	-0.10593505550688694	-0.041711272472695696	0.022948717379079994	0.04301765876567668	-0.03355459541535377	-0.05155402652206955	-0.081876511842132	0.07523076462988278	-0.03365168385543293	-0.05511193874121262	-0.048033708472092235	0.026226630148471455	0.012780936295559727	0.0609894923159054	-0.0801301971859424	-0.04879532430223784	-0.03766208181649388	-0.052254678934734365	-0.02093443961180667	0.0017114332065095246	0.009363269713408912	-0.014167090563621247	-0.007865028203912607	-0.0071201449355517135	-0.0	0.0
WR3	0.2303523591372088	0.23534025603492678	0.04587380017124799	0.008872714821882772	-0.043548037543824684	0.0025673342622807623	-0.04358961363445992	0.05805581388866288	0.005835667179436091	0.025259406896662045	-0.041583691016723184	0.056606518140109516	-0.013664010273037158	0.09410258578806288	0.029503557938490004	0.02364386075438743	0.05399371012493224	0.08670584186327399	-0.008983621744616749	-0.014138149893543998	-0.027726943160930544	0.03390862211385075	-0.03206776637595886	4.9887660288085484e-05	-0.02339305586224966	0.017732218757566753	-0.015419530414003702	-0.0	0.0
WR4	0.28626392477205975	0.200219479795475	0.012416638418041852	-0.03359815242735899	-0.043614418256699324	0.06606178113515604	0.014680786505108599	0.05858643803092731	-0.018377654018883246	0.0041299454311504785	-0.0020795580951754535	-0.03542510391302037	-0.03520775747924125	-0.03647882576171362	-0.08219130105338106	-0.07943212733101848	-0.05570856337745989	-0.03933627706651973	-0.022905704645691766	0.04758818358628957	0.008540695774711952	0.03244067575461235	0.003579925253020873	-0.014448636878276869	0.010008351886347076	0.02500092267245416	-0.008229978627830767	-0.0	0.0
WR5	0.2761640476319783	0.2294100276919911	0.00031728092365753704	-0.006550540336478512	-0.008372043822112317	0.0738269614613359	-0.0074302878171743705	0.038654066438915745	0.06330581128193047	-0.009041007375543367	-0.035869134551003705	-0.022063898197987205	0.046261793757724136	-0.043469784954361074	-0.06653452463473863	0.0726357920059894	0.019577813164298997	-0.010250786945355379	0.09073287973099088	-0.04914469379927331	-0.0017331118737403189	0.035490592832844996	-0.00414934052620942	-0.019796947154855624	0.008595068804256128	-0.023924397332108778	0.009689791271488682	-0.0	0.0
WR6	0.2830477478019377	0.2330302082035246	0.044455731426987895	-0.025460721343956688	0.007924676193640193	0.023066915426831536	-0.023304700519350272	-0.0054950550890896345	0.03359803897692944	-0.011313739131982642	-0.09846995892816744	0.03239788650960254	0.03131071975069751	0.05212796485162037	-0.01734968526155902	0.016975258431867934	-0.05155980688814249	-0.024730624497180886	-0.027165696772894543	0.021528748590349707	0.016177237601603958	-0.06454184512041924	-0.01085938416546089	0.05757711932751293	0.0054204490824065	-0.004817750287651969	0.011273914701953939	-0.0	0.0
WR7	0.2924805897984555	0.09490497613542917	-0.08511885170493887	-0.07970507637113497	-0.00932654265375351	-0.16435586073567476	0.02683803918644934	-0.2169462957937886	-0.09898372380459637	0.024328398974201134	-0.0025068281593762236	0.05058610779840112	0.06387867470207538	-0.009877438170703152	0.029838408400153782	0.03745283246418429	-0.06599716305796705	0.015167373666803275	0.003994170422890769	0.017619637797574424	-0.004712686534409371	0.01011641740621684	0.0016063541694103269	-0.029614321510366252	0.006879396768791225	0.0062760127123473956	6.773045847625627e-05	-0.0	0.0

Biplot	0	0

Site constraints	0	0
